      index pitax_2022 pitax_ref_2022 pitax_ref_2023 pitax_ref_2024 pitax_ref_2025 pitax_ref_2026 pitax_ref_2027
0     0-10n          0              0              0              0              0              0              0
1     0-10z          0              0              0              0              0              0              0
2     0-10p        593          1,006          1,062          1,143          1,230          1,323          1,423
3     10-20      3,274          6,743          7,178          7,818          8,504          9,237         10,021
4     20-30      7,685         18,648         19,965         21,901         23,972         26,189         28,560
5     30-40      9,094         24,979         27,231         30,541         34,082         37,871         41,926
6     40-50      9,626         27,351         29,941         33,747         37,820         42,178         46,841
7     50-60     13,456         37,702         40,789         45,328         50,184         55,380         60,940
8     60-70     17,962         50,480         54,246         59,782         65,706         72,044         78,826
9     70-80     23,586         66,508         71,107         77,868         85,102         92,842        101,124
10    80-90     34,342         94,112        100,095        108,890        118,301        128,370        139,145
11   90-100    147,877        260,521        274,217        294,183        315,304        337,621        361,176
12      ALL     26,750         58,805         62,583         68,120         74,020         80,306         86,998
13    90-95     53,875        141,755        150,126        162,432        175,600        189,635        204,555
14    95-99    101,169        235,119        247,390        265,037        283,334        302,294        321,912
15   Top 1%    804,720        955,956      1,001,979      1,069,525      1,141,706      1,218,861      1,301,332

