       pitax_2022 total_gross_income_2022  pitax_ref_2022 total_gross_income_ref_2022     ETR ETR_ref
0         36.2793                269.3220         36.2793                    269.3220  0.1347  0.1347
1         97.6669                850.2640         97.6669                    850.2640  0.1149  0.1149
2        204.4500              1,687.4160        204.4500                  1,687.4160  0.1212  0.1212
3        302.6029              2,500.8280        302.6029                  2,500.8280  0.1210  0.1210
4        407.1499              3,558.1070        407.1499                  3,558.1070  0.1144  0.1144
5        564.8847              4,918.2910        564.8847                  4,918.2910  0.1149  0.1149
6        767.5714              6,592.9210        767.5714                  6,592.9210  0.1164  0.1164
7        952.1527              8,583.1550        952.1527                  8,583.1550  0.1109  0.1109
8      1,150.7126             10,682.3080      1,150.7126                 10,682.3080  0.1077  0.1077
9      1,443.7101             13,121.5080      1,443.7101                 13,121.5080  0.1100  0.1100
10     1,566.5922             16,384.6320      1,566.5922                 16,384.6320  0.0956  0.0956
11     1,942.7200             19,913.9950      1,942.7200                 19,913.9950  0.0976  0.0976
12     2,295.6280             24,573.4420      2,295.6280                 24,573.4420  0.0934  0.0934
13     2,713.4193             29,459.4650      2,713.4193                 29,459.4650  0.0921  0.0921
14     2,987.0038             34,628.8120      2,987.0038                 34,628.8120  0.0863  0.0863
15     3,477.1543             40,258.7360      3,477.1543                 40,258.7360  0.0864  0.0864
16     3,850.8408             46,978.2080      3,850.8408                 46,978.2080  0.0820  0.0820
17     4,146.1827             53,808.9660      4,146.1827                 53,808.9660  0.0771  0.0771
18     4,711.7284             61,129.6790      4,711.7284                 61,129.6790  0.0771  0.0771
19     5,051.7664             68,609.5580      5,051.7664                 68,609.5580  0.0736  0.0736
20     5,677.9436             76,352.1060      5,677.9436                 76,352.1060  0.0744  0.0744
21     6,115.9447             84,609.1920      6,115.9447                 84,609.1920  0.0723  0.0723
22     6,657.7513             93,408.6040      6,657.7513                 93,408.6040  0.0713  0.0713
23     7,092.9754            102,536.2490      7,092.9754                102,536.2490  0.0692  0.0692
24     6,694.3299            110,430.2890      6,694.3299                110,430.2890  0.0606  0.0606
25     7,485.2942            118,807.9970      7,485.2942                118,807.9970  0.0630  0.0630
26     8,528.8084            128,479.2960      8,528.8084                128,479.2960  0.0664  0.0664
27     9,023.2595            138,540.3460      9,023.2595                138,540.3460  0.0651  0.0651
28     9,552.1334            148,230.7270      9,552.1334                148,230.7270  0.0644  0.0644
29    10,023.6033            157,791.9510     10,023.6033                157,791.9510  0.0635  0.0635
30     9,978.6798            167,643.5550      9,978.6798                167,643.5550  0.0595  0.0595
31    10,634.6163            177,659.7800     10,634.6163                177,659.7800  0.0599  0.0599
32    10,799.0799            187,869.2690     10,799.0799                187,869.2690  0.0575  0.0575
33    10,884.5325            197,351.1120     10,884.5325                197,351.1120  0.0552  0.0552
34     8,840.7875            204,962.4520      8,840.7875                204,962.4520  0.0431  0.0431
35     8,057.4625            208,380.6280      8,057.4625                208,380.6280  0.0387  0.0387
36     9,148.6867            212,904.2780      9,148.6867                212,904.2780  0.0430  0.0430
37     7,767.1481            216,430.8140      7,767.1481                216,430.8140  0.0359  0.0359
38     7,267.7681            217,623.3190      7,267.7681                217,623.3190  0.0334  0.0334
39     7,560.6385            218,096.5580      7,560.6385                218,096.5580  0.0347  0.0347
40     8,314.9714            219,584.6700      8,314.9714                219,584.6700  0.0379  0.0379
41     8,553.6374            221,912.2310      8,553.6374                221,912.2310  0.0385  0.0385
42     8,592.1683            224,605.2520      8,592.1683                224,605.2520  0.0383  0.0383
43     9,004.3741            227,449.5280      9,004.3741                227,449.5280  0.0396  0.0396
44     9,265.7964            230,549.1690      9,265.7964                230,549.1690  0.0402  0.0402
45     9,441.3598            233,984.7080      9,441.3598                233,984.7080  0.0404  0.0404
46    10,232.3587            237,319.0700     10,232.3587                237,319.0700  0.0431  0.0431
47    10,715.4250            241,234.6640     10,715.4250                241,234.6640  0.0444  0.0444
48    10,981.3696            245,599.0150     10,981.3696                245,599.0150  0.0447  0.0447
49    11,158.8454            250,162.7570     11,158.8454                250,162.7570  0.0446  0.0446
50    11,315.4838            254,610.2840     11,315.4838                254,610.2840  0.0444  0.0444
51    12,624.1428            259,484.2900     12,624.1428                259,484.2900  0.0487  0.0487
52    12,658.9274            264,581.8340     12,658.9274                264,581.8340  0.0478  0.0478
53    12,423.1331            269,637.8100     12,423.1331                269,637.8100  0.0461  0.0461
54    12,977.8448            273,542.3170     12,977.8448                273,542.3170  0.0474  0.0474
55    13,567.3914            279,040.1370     13,567.3914                279,040.1370  0.0486  0.0486
56    14,096.1229            284,544.4220     14,096.1229                284,544.4220  0.0495  0.0495
57    14,377.5995            290,334.5320     14,377.5995                290,334.5320  0.0495  0.0495
58    15,018.0428            296,205.2440     15,018.0428                296,205.2440  0.0507  0.0507
59    15,499.0911            302,576.0100     15,499.0911                302,576.0100  0.0512  0.0512
60    15,425.5395            308,976.1810     15,425.5395                308,976.1810  0.0499  0.0499
61    16,209.3064            315,667.8050     16,209.3064                315,667.8050  0.0513  0.0513
62    17,024.3804            322,466.9460     17,024.3804                322,466.9460  0.0528  0.0528
63    17,042.8562            328,383.4920     17,042.8562                328,383.4920  0.0519  0.0519
64    17,566.0175            335,100.5380     17,566.0175                335,100.5380  0.0524  0.0524
65    18,311.5241            342,392.2000     18,311.5241                342,392.2000  0.0535  0.0535
66    18,619.8800            349,730.2410     18,619.8800                349,730.2410  0.0532  0.0532
67    19,515.3424            357,643.5310     19,515.3424                357,643.5310  0.0546  0.0546
68    19,389.9503            364,420.7970     19,389.9503                364,420.7970  0.0532  0.0532
69    20,519.3336            372,013.8900     20,519.3336                372,013.8900  0.0552  0.0552
70    20,549.8705            379,601.3160     20,549.8705                379,601.3160  0.0541  0.0541
71    21,590.2973            387,275.9080     21,590.2973                387,275.9080  0.0557  0.0557
72    22,313.4993            395,457.6550     22,313.4993                395,457.6550  0.0564  0.0564
73    22,483.8592            403,145.8180     22,483.8592                403,145.8180  0.0558  0.0558
74    23,191.8984            411,130.1600     23,191.8984                411,130.1600  0.0564  0.0564
75    23,521.0654            419,093.9550     23,521.0654                419,093.9550  0.0561  0.0561
76    24,390.2863            427,733.3930     24,390.2863                427,733.3930  0.0570  0.0570
77    25,409.6273            436,438.4930     25,409.6273                436,438.4930  0.0582  0.0582
78    25,975.7001            445,753.0500     25,975.7001                445,753.0500  0.0583  0.0583
79    26,438.4245            455,062.4610     26,438.4245                455,062.4610  0.0581  0.0581
80    27,987.0013            465,963.0010     27,987.0013                465,963.0010  0.0601  0.0601
81    28,853.8029            478,214.9380     28,853.8029                478,214.9380  0.0603  0.0603
82    30,401.4190            491,869.0090     30,401.4190                491,869.0090  0.0618  0.0618
83    31,951.6271            508,153.4500     32,011.0799                508,153.4500  0.0629  0.0630
84    32,737.5624            524,435.8090     32,932.1846                524,435.8090  0.0624  0.0628
85    33,786.8180            541,667.5980     34,048.5198                541,667.5980  0.0624  0.0629
86    36,529.2758            559,999.3060     37,199.0847                559,999.3060  0.0652  0.0664
87    37,990.8434            581,825.3050     38,777.8977                581,825.3050  0.0653  0.0666
88    40,222.8153            605,951.0530     41,183.3286                605,951.0530  0.0664  0.0680
89    42,962.4108            633,306.9140     44,603.6828                633,306.9140  0.0678  0.0704
90    45,128.9218            664,835.1550     46,801.6933                664,835.1550  0.0679  0.0704
91    49,173.9459            700,421.2970     51,763.6350                700,421.2970  0.0702  0.0739
92    52,179.4300            742,434.7800     56,991.0972                742,434.7800  0.0703  0.0768
93    57,726.6306            794,042.0800     64,355.1673                794,042.0800  0.0727  0.0810
94    65,164.0315            861,037.0990     81,027.2190                861,037.0990  0.0757  0.0941
95    73,022.0802            941,108.5010    100,799.3381                941,108.5010  0.0776  0.1071
96    82,571.6479          1,057,438.9160    121,745.1535              1,057,438.9160  0.0781  0.1151
97   101,700.7710          1,245,843.9680    165,210.0025              1,245,843.9680  0.0816  0.1326
98   147,381.2569          1,632,393.2430    245,770.6875              1,632,393.2430  0.0903  0.1506
99   804,719.7434          6,146,700.1300  1,049,450.8684              6,146,700.1300  0.1309  0.1707
ALL   26,749.6044            364,587.0546     31,846.8127                364,587.0546  0.0734  0.0874

